문서 수: 50
매칭 정책: partial

라벨                       정탐   오탐   미탐        정확도      재현율      F1
-----------------------------------------------------------------
ADDRESS                  42    1    0     0.977    1.000   0.988
BUSINESS_REG             15    0    0     1.000    1.000   1.000
COURT_CASE               10    0    0     1.000    1.000   1.000
DOC_ID                   42    0    0     1.000    1.000   1.000
DT_BIRTH                  0    5    0     0.000    0.000   0.000
EMAIL                    25    0    0     1.000    1.000   1.000
EMPLOYEE_ID               8    0    0     1.000    1.000   1.000
IP                        0    2    0     0.000    0.000   0.000
MAJOR                     0    7    0     0.000    0.000   0.000
PERSON                  168  147    7     0.533    0.960   0.686
PETITION_ID               4    0    0     1.000    1.000   1.000
PHONE                    63    3    0     0.955    1.000   0.977
POSITION                  0    5    0     0.000    0.000   0.000
POSTAL_CODE               0    2    0     0.000    0.000   0.000
RRN                      36    0    0     1.000    1.000   1.000
VEHICLE                   9    0    2     1.000    0.818   0.900
-----------------------------------------------------------------
(전체)                    422  172    9     0.710    0.979   0.823
(macro F1)                                                  0.659
